function u = lorenz63example6(t,x)
u = [-1.939*x(1) + 5.172*x(2) - 0.215*x(1)*x(3) + 0.124*x(2)*x(3), ...
     22.199*x(1) + 0.388*x(2) - 0.846*x(1)*x(3), ...
     -2.720*x(3) + 0.945*x(1)*x(2)]';
end
