function u = lorenz63example8(t,x)
u = [-6.287*x(1) + 6.849*x(2) - 0.109*x(1)*x(3) + 0.101*x(2)*x(3), ...
     25.355*x(1) - 0.937*x(1)*x(3), ...
     -0.148*x(1) + 0.365*x(2) - 2.614*x(3) + 0.950*x(1)*x(2)]';
end
