function u = lorenz63sindy2(t,x)
u = [-4.023*x(1)+5.958*x(2)-0.167*x(1)*x(3)+0.113*x(2)*x(3),....
    28.361*x(1)-3.051*x(2)-1.026*x(1)*x(3)+0.103*x(2)*x(3),....
    -0.105*x(1)+0.176*x(2)-2.691*x(3)+0.942*x(1)*x(2)]';
