function u = lorenz63example5(t, x)
    u = [
        -9.806 * x(1) + 9.846 * x(2);
        24.176 * x(1) - 0.901 * x(1) * x(3);
        -0.113 * x(1) + 0.184 * x(2) - 2.691 * x(3) + 0.942 * x(1) * x(2)
    ];
end
