function u = lorenz63example3(t, x)
    u = [
        -4.933 * x(1) + 6.115 * x(2) - 0.145 * x(1) * x(3) + 0.114 * x(2) * x(3);
        29.493 * x(1) - 3.173 * x(2) - 1.062 * x(1) * x(3) + 0.103 * x(2) * x(3);
        0.262 * x(2) - 2.670 * x(3) + 0.943 * x(1) * x(2)
    ];
end
