function u = lorenz63sindy1(t,x)
u = [-5.311 * x(1) + 6.177 * x(2) - 0.136 * x(1) * x(3) + 0.113 * x(2) * x(3);
        25.167 * x(1) - 0.927 * x(1) * x(3);
        0.349 * x(2) - 2.679 * x(3) + 0.951 * x(1) * x(2)];