function u = lorenz63example9(t,x)
u = [-9.741*x(1) + 9.745*x(2), ...
     30.713*x(1) - 3.710*x(2) - 1.083*x(1)*x(3) + 0.109*x(2)*x(3), ...
     -0.310*x(1) + 0.275*x(2) - 2.719*x(3) + 0.944*x(1)*x(2)]';
end
