function u = lorenz63example1(t,x)
u = [-9.815 * x(1) + 9.322 * x(2) + 0.107 * x(3), ...
    26.331 * x(1) - 0.237 * x(2) - 0.958 * x(1) * x(3), ...
    0.444 * x(2) - 2.701 * x(3) + 0.956 * x(1) * x(2)]';