function u = lorenz63example4(t, x)
    u = [
        -5.654 * x(1) + 6.624 * x(2) - 0.128 * x(1) * x(3) + 0.105 * x(2) * x(3);
        25.078 * x(1) - 0.930 * x(1) * x(3);
        0.293 * x(2) - 2.681 * x(3) + 0.942 * x(1) * x(2)
    ];
end
