function u = lorenz63example7(t,x)
u = [-9.836*x(1) + 9.692*x(2), ...
     24.836*x(1) - 0.921*x(1)*x(3), ...
     0.278*x(2) - 2.708*x(3) + 0.947*x(1)*x(2)]';
end
