function u = lorenz63example2(t, x)
    u = [
        -9.731 * x(1) + 9.609 * x(2);
        31.072 * x(1) - 3.569 * x(2) - 1.092 * x(1) * x(3) + 0.103 * x(2) * x(3);
        -0.104 * x(1) + 0.344 * x(2) - 2.703 * x(3) + 0.947 * x(1) * x(2)
    ];
end
