function u = sprott1example4(t, x)
    u = [
        0.103 * x(1) - 0.262 * x(2) + 0.921 * x(2) * x(3);
        0.957 * x(1) - 1.013 * x(2);
        1635.500 - 1634.595 - 0.911 * x(1) * x(2)
    ];
end
