function u = sprott13example6(t, x)
    u = [
        0.612 + -1.912 * x(2) + -0.234 * x(3);
        -0.527 + 0.888 * x(1) + 0.198 * x(2) + -0.868 * x(3) + 0.892 * x(3)^2;
        0.985 + 0.960 * x(2) + -1.900 * x(3)
    ];
end
