function u = sprott13example4(t, x)
    u = [
        0.655 + -1.956 * x(2) + -0.130 * x(3);
        0.883 * x(1) + 0.233 * x(2) + -0.918 * x(3) + 0.854 * x(3)^2;
        0.983 + 0.957 * x(2) + -1.933 * x(3)
    ];
end
