function u = sprott13example5(t, x)
    u = [
        0.692 + -1.979 * x(2);
        -0.179 + 0.915 * x(1) + 0.194 * x(2) + -0.808 * x(3) + 0.886 * x(3)^2;
        1.020 + 0.961 * x(2) + -1.967 * x(3)
    ];
end
