function u = sprott1example5(t, x)
    u = [
        -0.227 * x(2) + -0.127 * x(3) + 0.856 * x(2) * x(3);
        -243.019 + 114.061 + 128.578 + 0.946 * x(1) + -0.961 * x(2);
        3820.478 + -3819.520 + 0.609 * x(2) + -0.886 * x(1) * x(2)
    ];
end
