function u = sprott1example1(t, x)
    u = [
        -0.164 * x(2) + 0.953 * x(2) * x(3);
        0.969 * x(1) + -0.972 * x(2);
        -956.792 + 957.663 + -0.864 * x(1) * x(2)
    ];
end
