function u = sprott1example3(t, x)
    u = [
        0.977 * x(2) * x(3);
        -0.173 + 1.009 * x(1) - 1.016 * x(2);
        2313.101 - 975.424 - 1336.826 - 0.917 * x(1) * x(2)
    ];
end
