function u = sprott13example3(t, x)
    u = [
        0.613 + -1.942 * x(2) + -0.182 * x(3);
        -0.588 + 0.976 * x(1) + -0.271 * x(3) + 0.939 * x(3)^2;
        0.993 + 0.955 * x(2) + -1.914 * x(3)
    ];
end
