function u = sprott1example6(t, x)
    u = [
        -0.158 * x(2) + 0.954 * x(2) * x(3);
        -0.141 + 0.964 * x(1) - 0.964 * x(2);
        3393.071 - 1810.866 - 1581.413 - 0.864 * x(1) * x(2)
    ];
end
