function u = sprott13example1(t, x)
    u = [
        0.597 + -1.922 * x(2) + -0.227 * x(3);
        -0.633 + 0.970 * x(1) + -0.322 * x(3) + 0.936 * x(3)^2;
        1.018 + 0.954 * x(2) + -1.902 * x(3)
    ];
end
