function u = sprott13example2(t, x)
    u = [
        0.529 + -1.991 * x(2);
        -0.458 + 0.925 * x(1) + 0.154 * x(2) + -0.618 * x(3) + 0.919 * x(3)^2;
        0.975 + 0.961 * x(2) + -1.950 * x(3)
    ];
end
