function u = sprott1example2(t, x)
    u = [
        0.123 * x(3) + 1.023 * x(2) * x(3);
        1.024 * x(1) - 1.013 * x(2);
        0.776 + -0.237 * x(2) - 0.912 * x(1) * x(2)
    ];
end
